3-D FFT PDE TEST
DIMENSIONS =  128  128   64
T =    1     CHECKSUM =    4.880155321985D-04    4.901933806920D-04
T =    2     CHECKSUM =    4.877790556890D-04    4.904592982840D-04
T =    3     CHECKSUM =    4.875528777291D-04    4.906353720884D-04
T =    4     CHECKSUM =    4.873431511214D-04    4.907437026844D-04
T =    5     CHECKSUM =    4.871528376071D-04    4.908011923845D-04
T =    6     CHECKSUM =    4.869829033396D-04    4.908207735497D-04
TEST COMPLETED
CPU TIME =   53.439999
